0 0.47794570922851565 0.4364407009548611 0.0026041666666666665 0.004629629629629629
1 0.4761221249898275 0.42294500845449945 0.0026041666666666665 0.004629629629629629
2 0.4794474601745605 0.40545764499240455 0.0026041666666666665 0.004629629629629629
3 0.4889944394429524 0.39709413316514763 0.0026041666666666665 0.004629629629629629
4 0.49392884572347007 0.4081187778049046 0.0026041666666666665 0.004629629629629629
5 0.47773116429646817 0.4172426011827257 0.0026041666666666665 0.004629629629629629
6 0.4767657279968261 0.41325093022099246 0.0026041666666666665 0.004629629629629629
7 0.4805201848347982 0.4098294858579283 0.0026041666666666665 0.004629629629629629
8 0.4849182128906249 0.40792869285300926 0.0026041666666666665 0.004629629629629629
9 0.4795547485351562 0.4280771608705873 0.0026041666666666665 0.004629629629629629
10 0.4830946286519368 0.4290275856300637 0.0026041666666666665 0.004629629629629629
11 0.4880290349324545 0.4295978122287326 0.0026041666666666665 0.004629629629629629
12 0.49317795435587564 0.4252259713632089 0.0026041666666666665 0.004629629629629629
13 0.48245102564493814 0.4381514090078848 0.0026041666666666665 0.004629629629629629
14 0.4896380742390951 0.43568036114728015 0.0026041666666666665 0.004629629629629629
15 0.49607423146565743 0.4271267643681278 0.0026041666666666665 0.004629629629629629
16 0.4970396677652994 0.4159120630334925 0.0026041666666666665 0.004629629629629629
17 0.4871708869934082 0.4459446942364728 0.0026041666666666665 0.004629629629629629
18 0.49746872584025065 0.43682084260163484 0.0026041666666666665 0.004629629629629629
19 0.4992923100789388 0.42674662272135416 0.0026041666666666665 0.004629629629629629
20 0.49939959843953435 0.41534180817780675 0.0026041666666666665 0.004629629629629629
0 0.5505208333333333 0.40370370370370373 0.0026041666666666665 0.004629629629629629
1 0.5380903879801431 0.38644284848813654 0.0026041666666666665 0.004629629629629629
2 0.5216106096903483 0.3838121202256945 0.0026041666666666665 0.004629629629629629
3 0.5159372329711914 0.3969658180519386 0.0026041666666666665 0.004629629629629629
4 0.5128304163614908 0.40533633761935767 0.0026041666666666665 0.004629629629629629
5 0.5225561777750651 0.38118139196325235 0.0026041666666666665 0.004629629629629629
6 0.5117497762044271 0.4003140202275029 0.0026041666666666665 0.004629629629629629
7 0.5117497762044271 0.4156201397931134 0.0026041666666666665 0.004629629629629629
8 0.5114796002705893 0.4256647745768229 0.0026041666666666665 0.004629629629629629
9 0.5267436345418294 0.38859527022750295 0.0026041666666666665 0.004629629629629629
10 0.517152976989746 0.4125110767505787 0.0026041666666666665 0.004629629629629629
11 0.5183686892191569 0.429013005009404 0.0026041666666666665 0.004629629629629629
12 0.5221509297688802 0.43810099848994505 0.0026041666666666665 0.004629629629629629
13 0.5309311230977377 0.39600917674877023 0.0026041666666666665 0.004629629629629629
14 0.5235017140706381 0.4196858441388166 0.0026041666666666665 0.004629629629629629
15 0.5255279223124186 0.4316437332718461 0.0026041666666666665 0.004629629629629629
16 0.5272839546203614 0.43547027022750295 0.0026041666666666665 0.004629629629629629
17 0.5374149322509767 0.4070104528356481 0.0026041666666666665 0.004629629629629629
18 0.5302557309468587 0.42375152022750295 0.0026041666666666665 0.004629629629629629
19 0.5302557309468587 0.4314045658817997 0.0026041666666666665 0.004629629629629629
20 0.5317416191101073 0.43570940936053243 0.0026041666666666665 0.004629629629629629