0 0.346875 0.43194444444444446 0.00390625 0.006944444444444444
1 0.35650901794433587 0.4475875430636936 0.00390625 0.006944444444444444
2 0.35475068092346196 0.47179010179307723 0.00390625 0.006944444444444444
3 0.3461543321609497 0.4586515638563367 0.00390625 0.006944444444444444
4 0.3399024248123169 0.4462045457628037 0.00390625 0.006944444444444444
5 0.3684266805648804 0.4206189473470054 0.00390625 0.006944444444444444
6 0.3508432388305664 0.42891697353786884 0.00390625 0.006944444444444444
7 0.3451774597167968 0.43583200242784287 0.00390625 0.006944444444444444
8 0.3393163204193116 0.44413002861870665 0.00390625 0.006944444444444444
9 0.3617840528488159 0.4029856787787545 0.00390625 0.006944444444444444
10 0.34420061111450195 0.419927469889323 0.00390625 0.006944444444444444
11 0.3371672391891479 0.43272026909722217 0.00390625 0.006944444444444444
12 0.3350181341171265 0.4424012925889757 0.00390625 0.006944444444444444
13 0.35455529689788823 0.3946876525878906 0.00390625 0.006944444444444444
14 0.33794872760772704 0.41197518242730036 0.00390625 0.006944444444444444
15 0.33345515727996833 0.4233849843343099 0.00390625 0.006944444444444444
16 0.3315014600753784 0.43652352227105035 0.00390625 0.006944444444444444
17 0.3475219249725342 0.3874268849690755 0.00390625 0.006944444444444444
18 0.331892204284668 0.3995281643337674 0.00390625 0.006944444444444444
19 0.32818014621734615 0.419927469889323 0.00390625 0.006944444444444444
20 0.3272032737731933 0.43272026909722217 0.00390625 0.006944444444444444
0 0.5578125 0.7222222222222222 0.00390625 0.006944444444444444
1 0.5451004505157473 0.7177935282389323 0.00390625 0.006944444444444444
2 0.5324037075042725 0.7193545871310764 0.00390625 0.006944444444444444
3 0.518648910522461 0.736838616265191 0.00390625 0.006944444444444444
4 0.5124768733978272 0.7686845567491319 0.00390625 0.006944444444444444
5 0.5389284610748291 0.710924784342448 0.00390625 0.006944444444444444
6 0.5260553359985353 0.7543226453993056 0.00390625 0.006944444444444444
7 0.5242918968200685 0.7677479214138456 0.00390625 0.006944444444444444
8 0.5288768291473389 0.7789876302083333 0.00390625 0.006944444444444444
9 0.5486273288726807 0.7224767049153648 0.00390625 0.006944444444444444
10 0.5339908123016358 0.7624402364095052 0.00390625 0.006944444444444444
11 0.5299349308013915 0.776489935980903 0.00390625 0.006944444444444444
12 0.5331090927124025 0.7867930094401042 0.00390625 0.006944444444444444
13 0.5577971935272217 0.7362141927083333 0.00390625 0.006944444444444444
14 0.54474778175354 0.7702456156412762 0.00390625 0.006944444444444444
15 0.5376940250396729 0.7867930094401042 0.00390625 0.006944444444444444
16 0.535577917098999 0.7933495415581597 0.00390625 0.006944444444444444
17 0.5636165618896485 0.7512005276150172 0.00390625 0.006944444444444444
18 0.5606187343597412 0.7714944627549911 0.00390625 0.006944444444444444
19 0.5505671024322509 0.7849197387695311 0.00390625 0.006944444444444444
20 0.5429843425750732 0.7911640591091581 0.00390625 0.006944444444444444