0 0.553707717755519 0.5920144399007161 0.00764525993883792 0.010416666666666666
1 0.5607243342501671 0.5709617614746094 0.00764525993883792 0.010416666666666666
2 0.5873135441304711 0.5448966344197591 0.00764525993883792 0.010416666666666666
3 0.6013467304568043 0.5448966344197591 0.00764525993883792 0.010416666666666666
4 0.6109484284660504 0.5479041417439777 0.00764525993883792 0.010416666666666666
5 0.6105790911099962 0.5714630126953127 0.00764525993883792 0.010416666666666666
6 0.6390148011187164 0.5479041417439777 0.00764525993883792 0.010416666666666666
7 0.6548944875734664 0.5368765513102215 0.00764525993883792 0.010416666666666666
8 0.6663425923852017 0.5283552487691243 0.00764525993883792 0.010416666666666666
9 0.6161185448322821 0.5885056177775065 0.00764525993883792 0.010416666666666666
10 0.6493550338511802 0.573468017578125 0.00764525993883792 0.010416666666666666
11 0.6574795224251002 0.5599342346191405 0.00764525993883792 0.010416666666666666
12 0.6622803480982415 0.5509116490681965 0.00764525993883792 0.010416666666666666
13 0.617226416911554 0.5995332082112629 0.00764525993883792 0.010416666666666666
14 0.6471392896926365 0.5920144399007161 0.00764525993883792 0.010416666666666666
15 0.6512015339795968 0.5804855982462563 0.00764525993883792 0.010416666666666666
16 0.6548944875734664 0.5699592590332032 0.00764525993883792 0.010416666666666666
17 0.6139027540107752 0.6060494740804034 0.00764525993883792 0.010416666666666666
18 0.6305210218517059 0.6010369618733724 0.00764525993883792 0.010416666666666666
19 0.6356911382179379 0.5955231984456381 0.00764525993883792 0.010416666666666666
20 0.6379069290394448 0.5925156911214191 0.00764525993883792 0.010416666666666666
0 0.4164123068526615 0.24675734837849939 0.00764525993883792 0.010416666666666666
1 0.42875956030796053 0.2592260996500651 0.00764525993883792 0.010416666666666666
2 0.45155446463768645 0.26180583635965976 0.00764525993883792 0.010416666666666666
3 0.47973147517679665 0.25535648663838706 0.00764525993883792 0.010416666666666666
4 0.5004509042162415 0.25818115870157876 0.00764525993883792 0.010416666666666666
5 0.44553914201368977 0.21967008908589686 0.00764525993883792 0.010416666666666666
6 0.4746659305117543 0.22826922734578453 0.00764525993883792 0.010416666666666666
7 0.4946114543016534 0.23772826194763183 0.00764525993883792 0.010416666666666666
8 0.512340813966337 0.2411679267883301 0.00764525993883792 0.010416666666666666
9 0.4464889199726442 0.20247182846069336 0.00764525993883792 0.010416666666666666
10 0.4809978613430572 0.21064100265502927 0.00764525993883792 0.010416666666666666
11 0.48954590963661127 0.22439961433410652 0.00764525993883792 0.010416666666666666
12 0.4961944486752197 0.2360084374745687 0.00764525993883792 0.010416666666666666
13 0.4458557035580324 0.19473261833190922 0.00764525993883792 0.010416666666666666
14 0.4765654864296637 0.1891431808471679 0.00764525993883792 0.010416666666666666
15 0.4889127398849628 0.2037617047627767 0.00764525993883792 0.010416666666666666
16 0.491680040272004 0.21977229118347172 0.00764525993883792 0.010416666666666666
17 0.44997147026411977 0.18957312901814782 0.00764525993883792 0.010416666666666666
18 0.46928382430237014 0.1775343418121338 0.00764525993883792 0.010416666666666666
19 0.4769289909152808 0.18190439542134607 0.00764525993883792 0.010416666666666666
20 0.482510487967675 0.19001895586649578 0.00764525993883792 0.010416666666666666