0 0.21806910037994384 0.6445698208279079 0.00078125 0.001388888888888889
1 0.23635721206665034 0.6154010772705079 0.00078125 0.001388888888888889
2 0.25572109222412104 0.6141328599717882 0.00078125 0.001388888888888889
3 0.2775951147079468 0.6401310814751519 0.00078125 0.001388888888888889
4 0.2980347633361816 0.6458380381266275 0.00078125 0.001388888888888889
5 0.2740092039108276 0.6375946892632378 0.00078125 0.001388888888888889
6 0.2969589948654175 0.6661293029785157 0.00078125 0.001388888888888889
7 0.30735812187194816 0.6845183054606119 0.00078125 0.001388888888888889
8 0.3113026142120362 0.6984685685899523 0.00078125 0.001388888888888889
9 0.2675545930862427 0.6610564761691624 0.00078125 0.001388888888888889
10 0.29373168945312494 0.6972003512912326 0.00078125 0.001388888888888889
11 0.27508499622344973 0.6737385643853082 0.00078125 0.001388888888888889
12 0.2743678092956543 0.6616906060112846 0.00078125 0.001388888888888889
13 0.2628929138183594 0.6870547400580513 0.00078125 0.001388888888888889
14 0.28118102550506585 0.7143211364746093 0.00078125 0.001388888888888889
15 0.26934754848480236 0.6908593495686849 0.00078125 0.001388888888888889
16 0.26863036155700687 0.6794454786512587 0.00078125 0.001388888888888889
17 0.25715546607971196 0.7079801347520617 0.00078125 0.001388888888888889
18 0.2654030561447143 0.7212962680392795 0.00078125 0.001388888888888889
19 0.2582312345504761 0.713052961561415 0.00078125 0.001388888888888889
20 0.2575140476226807 0.7016390906439887 0.00078125 0.001388888888888889