0 0.31439596811930337 0.2482193840874565 0.006944444444444444 0.008680555555555556
1 0.3500619676378038 0.2129977676603529 0.006944444444444444 0.008680555555555556
2 0.3778021918402778 0.21158889929453528 0.006944444444444444 0.008680555555555556
3 0.4117698245578342 0.24399280548095703 0.006944444444444444 0.008680555555555556
4 0.4304520077175563 0.26301248868306476 0.006944444444444444 0.008680555555555556
5 0.38742637634277344 0.19327366352081296 0.006944444444444444 0.008680555555555556
6 0.41460045708550347 0.2242687013414171 0.006944444444444444 0.008680555555555556
7 0.428187518649631 0.24328835805257157 0.006944444444444444 0.008680555555555556
8 0.4389439053005643 0.2601947519514296 0.006944444444444444 0.008680555555555556
9 0.3732731713189019 0.20243128140767414 0.006944444444444444 0.008680555555555556
10 0.40554241604275165 0.2489238315158421 0.006944444444444444 0.008680555555555556
11 0.3970505184597438 0.26583019892374676 0.006944444444444444 0.008680555555555556
12 0.38969086541069886 0.25455927848815924 0.006944444444444444 0.008680555555555556
13 0.35855386522081156 0.21651993857489693 0.006944444444444444 0.008680555555555556
14 0.38572798834906685 0.26089917288886183 0.006944444444444444 0.008680555555555556
15 0.3766699473063152 0.2594903045230442 0.006944444444444444 0.008680555555555556
16 0.36761190626356344 0.2510371208190918 0.006944444444444444 0.008680555555555556
17 0.3455329471164279 0.23413075341118705 0.006944444444444444 0.008680555555555556
18 0.37100868225097655 0.26583019892374676 0.006944444444444444 0.008680555555555556
19 0.36421513027615016 0.26442133055792916 0.006944444444444444 0.008680555555555556
20 0.35742162068684913 0.2573770152197943 0.006944444444444444 0.008680555555555556
0 0.6638888888888889 0.2517361111111111 0.006944444444444444 0.008680555555555556
1 0.6291353437635634 0.229336076312595 0.006944444444444444 0.008680555555555556
2 0.6029341803656685 0.23542041248745388 0.006944444444444444 0.008680555555555556
3 0.5878351847330728 0.2420578797658285 0.006944444444444444 0.008680555555555556
4 0.6011578030056424 0.247589111328125 0.006944444444444444 0.008680555555555556
5 0.5940524207221138 0.20223307609558103 0.006944444444444444 0.008680555555555556
6 0.5745125664605035 0.23099544313218848 0.006944444444444444 0.008680555555555556
7 0.5594135708279079 0.25865154796176487 0.006944444444444444 0.008680555555555556
8 0.5456468370225694 0.2818827099270292 0.006944444444444444 0.008680555555555556
9 0.6020459916856553 0.21052991019354927 0.006944444444444444 0.008680555555555556
10 0.5798416137695312 0.2553328143225776 0.006944444444444444 0.008680555555555556
11 0.6011578030056424 0.25865154796176487 0.006944444444444444 0.008680555555555556
12 0.617589060465495 0.23984538184271922 0.006944444444444444 0.008680555555555556
13 0.6095954895019531 0.22269860903422037 0.006944444444444444 0.008680555555555556
14 0.5904997083875869 0.26418277952406144 0.006944444444444444 0.008680555555555556
15 0.6100395626491971 0.2625234127044677 0.006944444444444444 0.008680555555555556
16 0.6224740346272786 0.24703598022460932 0.006944444444444444 0.008680555555555556
17 0.612704086303711 0.24814224243164068 0.006944444444444444 0.008680555555555556
18 0.6047105153401693 0.269714011086358 0.006944444444444444 0.008680555555555556
19 0.6180331336127386 0.2686077488793267 0.006944444444444444 0.008680555555555556
20 0.6242503696017796 0.2608640458848741 0.006944444444444444 0.008680555555555556