0 0.450703125 0.8777607218424477 0.0125 0.016666666666666666
1 0.464375 0.860207824707031 0.0125 0.016666666666666666
2 0.4985546875 0.8281282552083334 0.0125 0.016666666666666666
3 0.5195182418823244 0.8287335205078126 0.0125 0.016666666666666666
4 0.5330414962768554 0.8413051350911459 0.0125 0.016666666666666666
5 0.49840305328369156 0.7977550760904947 0.0125 0.016666666666666666
6 0.5344716262817384 0.8217411295572918 0.0125 0.016666666666666666
7 0.5361877822875978 0.8397855631510417 0.0125 0.016666666666666666
8 0.5327554702758789 0.8508022054036457 0.0125 0.016666666666666666
9 0.4891065216064453 0.8101022338867186 0.0125 0.016666666666666666
10 0.5373318862915039 0.8141434733072915 0.0125 0.016666666666666666
11 0.5389049911499024 0.8422548421223958 0.0125 0.016666666666666666
12 0.53432861328125 0.8546010335286455 0.0125 0.016666666666666666
13 0.4888505935668945 0.8221210225423178 0.0125 0.016666666666666666
14 0.5241746902465819 0.8226908365885417 0.0125 0.016666666666666666
15 0.5300382232666015 0.8424447631835938 0.0125 0.016666666666666666
16 0.5276070022583008 0.8563105265299473 0.0125 0.016666666666666666
17 0.4868484115600584 0.8403553771972656 0.0125 0.016666666666666666
18 0.5108745193481444 0.8392157491048176 0.0125 0.016666666666666666
19 0.5169961166381838 0.8538783772786458 0.0125 0.016666666666666666
20 0.519954071044922 0.8639806111653646 0.0125 0.016666666666666666
0 0.5711783981323244 0.875556844075521 0.0125 0.016666666666666666
1 0.5652539062499999 0.8446878560384116 0.0125 0.016666666666666666
2 0.5552278518676759 0.8537669881184897 0.0125 0.016666666666666666
3 0.5374544143676758 0.8628460693359379 0.0125 0.016666666666666666
4 0.5233268356323244 0.8652671305338542 0.0125 0.016666666666666666
5 0.5383658981323244 0.9003731282552081 0.0125 0.016666666666666666
6 0.5000846481323243 0.8985572306315106 0.0125 0.016666666666666666
7 0.49780597686767586 0.876767374674479 0.0125 0.016666666666666666
8 0.5014518356323243 0.8634513346354167 0.0125 0.016666666666666666
9 0.5388216018676758 0.9155049641927083 0.0125 0.016666666666666666
10 0.49598308563232435 0.9058205159505208 0.0125 0.016666666666666666
11 0.4964387893676757 0.8785831705729167 0.0125 0.016666666666666666
12 0.5064648437500001 0.8622408040364585 0.0125 0.016666666666666666
13 0.53654296875 0.920952453613281 0.0125 0.016666666666666666
14 0.49005859375000005 0.9088469441731772 0.0125 0.016666666666666666
15 0.49507160186767585 0.8822148640950521 0.0125 0.016666666666666666
16 0.5032747268676758 0.8713198852539062 0.0125 0.016666666666666666
17 0.5338085937500001 0.9173207600911458 0.0125 0.016666666666666666
18 0.50236328125 0.9130839029947915 0.0125 0.016666666666666666
19 0.49826171875 0.8949256388346354 0.0125 0.016666666666666666
20 0.5014518356323243 0.8864518229166665 0.0125 0.016666666666666666