0 0.39582756890190973 0.5601810879177518 0.001388888888888889 0.001736111111111111
1 0.4233963860405815 0.5685820049709744 0.001388888888888889 0.001736111111111111
2 0.4357742309570313 0.5867840978834366 0.001388888888888889 0.001736111111111111
3 0.44365102979871945 0.6245884365505642 0.001388888888888889 0.001736111111111111
4 0.44308840433756524 0.651891549428304 0.001388888888888889 0.001736111111111111
5 0.45715416802300346 0.5818835364447699 0.001388888888888889 0.001736111111111111
6 0.4695320129394532 0.6245884365505642 0.001388888888888889 0.001736111111111111
7 0.4751583099365235 0.6539918051825631 0.001388888888888889 0.001736111111111111
8 0.47909668816460493 0.6714937951829698 0.001388888888888889 0.001736111111111111
9 0.438587400648329 0.5832836892869737 0.001388888888888889 0.001736111111111111
10 0.4520904964870876 0.6315892537434895 0.001388888888888889 0.001736111111111111
11 0.4599672953287761 0.6595924695332844 0.001388888888888889 0.001736111111111111
12 0.4667188432481554 0.690395991007487 0.001388888888888889 0.001736111111111111
13 0.4177700890435114 0.584683895111084 0.001388888888888889 0.001736111111111111
14 0.43014793395996076 0.6399902237786187 0.001388888888888889 0.001736111111111111
15 0.4245216369628907 0.6294889979892307 0.001388888888888889 0.001736111111111111
16 0.4205832587348091 0.6147873136732316 0.001388888888888889 0.001736111111111111
17 0.3980780707465277 0.5867840978834366 0.001388888888888889 0.001736111111111111
18 0.4070801205105251 0.6294889979892307 0.001388888888888889 0.001736111111111111
19 0.4037043677435981 0.6238883866204158 0.001388888888888889 0.001736111111111111
20 0.40145386589897997 0.616187466515435 0.001388888888888889 0.001736111111111111