0 0.32029987970987955 0.5322991830331308 0.0005208333333333333 0.000925925925925926
1 0.33102998733520506 0.5280076768663194 0.0005208333333333333 0.000925925925925926
2 0.34764432907104487 0.5387365270543981 0.0005208333333333333 0.000925925925925926
3 0.35508619944254566 0.5445607503255209 0.0005208333333333333 0.000925925925925926
4 0.3599320411682128 0.5506915622287327 0.0005208333333333333 0.000925925925925926
5 0.3327606519063314 0.5243291784215857 0.0005208333333333333 0.000925925925925926
6 0.33604892094930017 0.5629531295211226 0.0005208333333333333 0.000925925925925926
7 0.33968331019083664 0.5623400652850116 0.0005208333333333333 0.000925925925925926
8 0.3403755505879719 0.5552896570276331 0.0005208333333333333 0.000925925925925926
9 0.32272281646728523 0.5286207411024305 0.0005208333333333333 0.000925925925925926
10 0.32687641779581705 0.5647923787434895 0.0005208333333333333 0.000925925925925926
11 0.3312030474344889 0.562646597403067 0.0005208333333333333 0.000925925925925926
12 0.3306838671366374 0.5559027212637443 0.0005208333333333333 0.000925925925925926
13 0.31406949361165365 0.5326057151511865 0.0005208333333333333 0.000925925925925926
14 0.31908842722574876 0.5666315714518229 0.0005208333333333333 0.000925925925925926
15 0.3235881487528483 0.5650989108615451 0.0005208333333333333 0.000925925925925926
16 0.322895876566569 0.5580485026041667 0.0005208333333333333 0.000925925925925926
17 0.3057623227437337 0.5365907457139758 0.0005208333333333333 0.000925925925925926
18 0.31181964874267576 0.5654054429796007 0.0005208333333333333 0.000925925925925926
19 0.31510791778564445 0.5629531295211226 0.0005208333333333333 0.000925925925925926
20 0.31441564559936536 0.5574354383680555 0.0005208333333333333 0.000925925925925926
0 0.5543574015299478 0.5062444051106771 0.0005208333333333333 0.000925925925925926
1 0.542775535583496 0.507634480794271 0.0005208333333333333 0.000925925925925926
2 0.5321751594543458 0.5093721177842883 0.0005208333333333333 0.000925925925925926
3 0.5196117401123047 0.5197978832103589 0.0005208333333333333 0.000925925925925926
4 0.51175963083903 0.5215354636863426 0.0005208333333333333 0.000925925925925926
5 0.5372790018717449 0.4985988475658277 0.0005208333333333333 0.000925925925925926
6 0.5351196924845377 0.5326562952112269 0.0005208333333333333 0.000925925925925926
7 0.5372790018717449 0.5423869945384838 0.0005208333333333333 0.000925925925925926
8 0.5394383748372397 0.5399542914496528 0.0005208333333333333 0.000925925925925926
9 0.5453274408976237 0.5017265602394386 0.0005208333333333333 0.000925925925925926
10 0.5433643976847331 0.5364790739836516 0.0005208333333333333 0.000925925925925926
11 0.545523770650228 0.5396067866572628 0.0005208333333333333 0.000925925925925926
12 0.5463089625040689 0.5316137243200232 0.0005208333333333333 0.000925925925925926
13 0.5533758799235027 0.5006839893482351 0.0005208333333333333 0.000925925925925926
14 0.5523943583170574 0.5354365030924481 0.0005208333333333333 0.000925925925925926
15 0.5531795501708984 0.5378691496672455 0.0005208333333333333 0.000925925925925926
16 0.5545536677042643 0.5295285825376157 0.0005208333333333333 0.000925925925925926
17 0.5627984364827473 0.5052018342194735 0.0005208333333333333 0.000925925925925926
18 0.5602464675903319 0.5343939322012443 0.0005208333333333333 0.000925925925925926
19 0.5620131810506185 0.5309186582212094 0.0005208333333333333 0.000925925925925926
20 0.5624058405558269 0.5267483746563947 0.0005208333333333333 0.000925925925925926