0 0.4484570312500001 0.8852774047851565 0.0025 0.0033333333333333335
1 0.4612174606323244 0.8646980794270833 0.0025 0.0033333333333333335
2 0.49767578125 0.8320131937662758 0.0025 0.0033333333333333335
3 0.5118033981323243 0.8416975911458333 0.0025 0.0033333333333333335
4 0.5077018356323244 0.8604611206054685 0.0025 0.0033333333333333335
5 0.5010145950317384 0.8109992472330727 0.0025 0.0033333333333333335
6 0.5380413055419921 0.8472552490234374 0.0025 0.0033333333333333335
7 0.524010124206543 0.8664191691080729 0.0025 0.0033333333333333335
8 0.5103686904907226 0.8700447591145833 0.0025 0.0033333333333333335
9 0.49205020904541014 0.8244657389322917 0.0025 0.0033333333333333335
10 0.5337540054321288 0.8612397257486978 0.0025 0.0033333333333333335
11 0.5197228240966798 0.8804036458333332 0.0025 0.0033333333333333335
12 0.5080301666259766 0.8736703491210938 0.0025 0.0033333333333333335
13 0.4819165802001953 0.842593739827474 0.0025 0.0033333333333333335
14 0.5224510955810548 0.8726344807942706 0.0025 0.0033333333333333335
15 0.5056916427612304 0.8850651041666665 0.0025 0.0033333333333333335
16 0.49438873291015617 0.8804036458333332 0.0025 0.0033333333333333335
17 0.4745112228393555 0.857096150716146 0.0025 0.0033333333333333335
18 0.49321949005126947 0.8715986124674477 0.0025 0.0033333333333333335
19 0.5060813903808594 0.8809215291341143 0.0025 0.0033333333333333335
20 0.5029633712768555 0.8974957275390623 0.0025 0.0033333333333333335
0 0.5686393356323244 0.8791118367513019 0.0025 0.0033333333333333335
1 0.5604362106323243 0.8615588378906248 0.0025 0.0033333333333333335
2 0.5309323120117189 0.8709770711263018 0.0025 0.0033333333333333335
3 0.50939453125 0.876690673828125 0.0025 0.0033333333333333335
4 0.48888671875 0.8785065714518231 0.0025 0.0033333333333333335
5 0.5139518356323244 0.914822998046875 0.0025 0.0033333333333333335
6 0.47567058563232434 0.9057439168294267 0.0025 0.0033333333333333335
7 0.4797721481323244 0.8924278767903644 0.0025 0.0033333333333333335
8 0.4847851562499999 0.8839539591471353 0.0025 0.0033333333333333335
9 0.5144075393676757 0.9275337727864583 0.0025 0.0033333333333333335
10 0.4815950393676758 0.9015069580078126 0.0025 0.0033333333333333335
11 0.4870637893676758 0.884559326171875 0.0025 0.0033333333333333335
12 0.4938997268676758 0.8742696126302085 0.0025 0.0033333333333333335
13 0.51212890625 0.9142177327473956 0.0025 0.0033333333333333335
14 0.48843097686767584 0.9002964274088542 0.0025 0.0033333333333333335
15 0.49207683563232435 0.8839539591471353 0.0025 0.0033333333333333335
16 0.49982421875 0.8760854085286457 0.0025 0.0033333333333333335
17 0.5116731643676757 0.9045333862304688 0.0025 0.0033333333333333335
18 0.49800128936767574 0.8954542032877604 0.0025 0.0033333333333333335
19 0.5011914062499999 0.8827434285481771 0.0025 0.0033333333333333335
20 0.5043815231323243 0.8785065714518231 0.0025 0.0033333333333333335